16.30
16.40
17.00
17.01
17.03
17.40
18.01
18.02
18.03
18.21
18.40
18.41
19.01
19.02
19.10
19.11
19.12
19.20
19.40
20.00
20.10
20.20
20.21
20.22
20.32
20.33
20.41
20.42
21.01
21.10
21.20
21.21
21.30
21.40
21.41
22.01
22.03
22.10
22.11
22.20
22.30
22.40
23.10
23.11
24.00
24.10
24.20
25.01
25.02
26.03
27.00
27.01
27.10
28.01
28.02
28.10
29.00
29.01
29.20
30.01
30.02
30.20
31.02
31.03
31.40
32.00
32.01
32.10
33.00
33.01
33.20
33.30
34.00
34.01
34.02
34.03
35.00
35.01
36.00
36.01
36.20
37.00
37.01
37.10
37.40
37.41
37.50
37.51
37.52
38.00
38.01
38.11
39.00
39.01
39.02
39.11
39.12
39.20
39.40
40.00
40.01
40.02
40.10
40.20
40.21
40.30
41.00
41.01
